  "p"
  500009 
  500287 
  500389 
  500413 
  500431 
  500471 
  500519 
  500579 
  500677 
  500713 
  500791 
  500861 
  500887 
  500947 
  500977 
  501043 
  501317 
  501401 
  501463 
  501503 
  501577 
  501659 
  501779 
  501803 
  501817 
  501841 
  501967 
  502063 
  502093 
  502133 
  502237 
  502597 
  502643 
  502669 
  502717 
  502769 
  502919 
  502961 
  503017 
  503039 
  503207 
  503227 
  503267 
  503317 
  503339 
  503369 
  503407 
  503501 
  503549 
  503647 
  503939 
  503969 
  504073 
  504103 
  504149 
  504187 
  504247 
  504299 
  504479 
  504667 
  504797 
  504929 
  504943 
  504989 
  505027 
  505061 
  505339 
  505357 
  505409 
  505619 
  505663 
  506083 
  506171 
  506251 
  506263 
  506459 
  506531 
  506773 
  506809 
  507077 
  507163 
  507193 
  507217 
  507289 
  507431 
  507491 
  507497 
  507599 
  507641 
  507697 
  507809 
  507901 
  508019 
  508033 
  508087 
  508159 
  508213 
  508271 
  508327 
  508349 
  508393 
  508559 
  508661 
  508811 
  508841 
  508867 
  508901 
  508957 
  509203 
  509227 
  509263 
  509293 
  509317 
  509441 
  509563 
  509653 
  509681 
  509699 
  509737 
  509797 
  509863 
  509921 
  509959 
  510031 
  510073 
  510157 
  510247 
  510299 
  510449 
  510611 
  510803 
  510817 
  510919 
  511019 
  511057 
  511087 
  511211 
  511327 
  511333 
  511387 
  511439 
  511559 
  511603 
  511627 
  511811 
  511897 
  511933 
  511991 
  512047 
  512059 
  512093 
  512167 
  512207 
  512287 
  512467 
  512579 
  512591 
  512621 
  512683 
  512711 
  512741 
  512767 
  512797 
  512803 
  512917 
  513101 
  513307 
  513473 
  513829 
  513917 
  513937 
  514049 
  514079 
  514117 
  514229 
  514271 
  514289 
  514453 
  514571 
  514841 
  514859 
  514903 
  514933 
  515111 
  515173 
  515227 
  515279 
  515293 
  515323 
  515351 
  515519 
  515597 
  515621 
  515677 
  515737 
  515761 
  515857 
  515917 
  516223 
  516247 
  516349 
  516359 
  516371 
  516431 
  516517 
  516757 
  516793 
  516877 
  516959 
  517079 
  517169 
  517267 
  517303 
  517393 
  517547 
  517589 
  517739 
  517919 
  517949 
  518159 
  518171 
  518411 
  518467 
  518533 
  518543 
  518579 
  518699 
  518893 
  518953 
  519011 
  519031 
  519037 
  519067 
  519227 
  519427 
  519433 
  519457 
  519509 
  519577 
  519703 
  519793 
  519863 
  519907 
  519943 
  520103 
  520151 
  520423 
  520447 
  520567 
  520607 
  520867 
  520957 
  521309 
  521369 
  521581 
  521641 
  521669 
  521707 
  521767 
  521879 
  522239 
  522337 
  522371 
  522449 
  522479 
  522517 
  522659 
  522853 
  522881 
  523093 
  523169 
  523207 
  523213 
  523427 
  523511 
  523631 
  523657 
  523729 
  523777 
  523847 
  523949 
  524099 
  524189 
  524591 
  524789 
  524969 
  524981 
  525043 
  525163 
  525247 
  525359 
  525373 
  525457 
  525491 
  525583 
  525641 
  525719 
  525809 
  525869 
  526027 
  526049 
  526063 
  526087 
  526117 
  526139 
  526199 
  526289 
  526367 
  526571 
  526871 
  527053 
  527081 
  527099 
  527123 
  527129 
  527143 
  527333 
  527489 
  527533 
  527591 
  527729 
  527921 
  528041 
  528313 
  528487 
  528611 
  528673 
  528719 
  529103 
  529603 
  530017 
  530087 
  530129 
  530197 
  530249 
  530279 
  530429 
  530527 
  530567 
  530653 
  531017 
  531101 
  531163 
  531263 
  531281 
  531337 
  531343 
  531581 
  531833 
  531989 
  532153 
  532183 
  532267 
  532379 
  532403 
  532663 
  532669 
  532687 
  532739 
  532781 
  532849 
  532949 
  533167 
  533189 
  533219 
  533297 
  533303 
  533399 
  533459 
  533543 
  533549 
  533593 
  533831 
  533879 
  533893 
  533989 
  534013 
  534043 
  534167 
  534283 
  534307 
  534529 
  534553 
  534607 
  534697 
  534913 
  534923 
  535019 
  535033 
  535181 
  535207 
  535243 
  535303 
  535333 
  535361 
  535387 
  535487 
  535523 
  535547 
  535571 
  535751 
  535793 
  535859 
  535991 
  536069 
  536099 
  536203 
  536353 
  536467 
  536561 
  536621 
  536743 
  536801 
  536891 
  536909 
  537269 
  537281 
  537307 
  537527 
  537569 
  537673 
  537679 
  537749 
  537847 
  537853 
  537919 
  538001 
  538019 
  538093 
  538199 
  538259 
  538357 
  538423 
  538567 
  538751 
  538799 
  539159 
  539261 
  539401 
  539501 
  539639 
  539677 
  539849 
  539921 
  539993 
  540149 
  540167 
  540179 
  540217 
  540269 
  540373 
  540461 
  540509 
  540611 
  540703 
  540751 
  540803 
  540823 
  540851 
  540989 
  541001 
  541153 
  541237 
  541339 
  541349 
  541361 
  541417 
  541507 
  541529 
  541589 
  541837 
  541859 
  542021 
  542141 
  542489 
  542797 
  542831 
  542891 
  542921 
  542933 
  542999 
  543029 
  543131 
  543149 
  543223 
  543299 
  543503 
  543539 
  543551 
  543659 
  543689 
  543713 
  543883 
  543929 
  543967 
  544259 
  544429 
  544477 
  544717 
  544807 
  544889 
  544903 
  544937 
  545131 
  545141 
  545189 
  545213 
  545231 
  545257 
  545291 
  545371 
  545429 
  545443 
  545483 
  545497 
  545521 
  545527 
  545609 
  545647 
  545759 
  545773 
  545863 
  545893 
  545911 
  545939 
  546097 
  546233 
  546239 
  546253 
  546283 
  546289 
  546479 
  546569 
  546643 
  546719 
  546919 
  546961 
  547087 
  547139 
  547271 
  547441 
  547483 
  547681 
  547871 
  548039 
  548059 
  548069 
  548083 
  548143 
  548189 
  548201 
  548441 
  548459 
  548489 
  548501 
  548827 
  548861 
  549011 
  549221 
  549247 
  549509 
  549719 
  549911 
  550027 
  550049 
  550169 
  550211 
  550289 
  550439 
  550513 
  550621 
  550657 
  550811 
  551027 
  551093 
  551219 
  551231 
  551321 
  551339 
  551381 
  551407 
  551443 
  551461 
  551713 
  551773 
  551951 
  552059 
  552089 
  552283 
  552511 
  552553 
  552703 
  552731 
  552883 
  553037 
  553057 
  553207 
  553229 
  553439 
  553457 
  553507 
  553543 
  553573 
  553747 
  553837 
  553867 
  553873 
  553919 
  553991 
  554017 
  554051 
  554233 
  554383 
  554417 
  554467 
  554527 
  554699 
  554789 
  554803 
  554833 
  554969 
  555083 
  555119 
  555221 
  555419 
  555461 
  555521 
  555661 
  555671 
  555823 
  555941 
  556021 
  556027 
  556103 
  556123 
  556159 
  556229 
  556253 
  556267 
  556327 
  556537 
  556559 
  556627 
  556781 
  556811 
  556841 
  556859 
  556967 
  557027 
  557069 
  557159 
  557321 
  557339 
  557489 
  557591 
  557729 
  557741 
  558007 
  558149 
  558179 
  558197 
  558251 
  558427 
  558457 
  558469 
  558539 
  558583 
  558611 
  558703 
  558781 
  558973 
  559093 
  559183 
  559297 
  559319 
  559511 
  559679 
  559709 
  559799 
  559859 
  559883 
  559907 
  559973 
  560107 
  560137 
  560159 
  560317 
  560411 
  560437 
  560459 
  560531 
  560639 
  560737 
  560827 
  561313 
  561343 
  561419 
  561439 
  561521 
  561551 
  561733 
  561943 
  562019 
  562091 
  562169 
  562181 
  562259 
  562271 
  562409 
  562651 
  562721 
  562781 
  562841 
  562871 
  563039 
  563099 
  563249 
  563263 
  563287 
  563489 
  563587 
  563623 
  563743 
  563831 
  563881 
  564089 
  564103 
  564163 
  564251 
  564299 
  564593 
  564607 
  564667 
  564701 
  564761 
  564827 
  564881 
  564937 
  565109 
  565259 
  565303 
  565343 
  565379 
  565441 
  565651 
  565723 
  565813 
  565889 
  565919 
  566077 
  566161 
  566273 
  566323 
  566413 
  566563 
  566617 
  566653 
  566659 
  566707 
  566833 
  566939 
  567053 
  567121 
  567179 
  567319 
  567389 
  567407 
  567449 
  567487 
  567493 
  567569 
  567649 
  567659 
  567673 
  567779 
  567877 
  568019 
  568163 
  568207 
  568303 
  568349 
  568387 
  568439 
  568453 
  568481 
  568541 
  568657 
  568679 
  568751 
  569071 
  569137 
  569249 
  569321 
  569461 
  569711 
  569759 
  569983 
  570041 
  570191 
  570217 
  570359 
  570403 
  570497 
  570827 
  570839 
  570881 
  570959 
  571019 
  571267 
  571303 
  571409 
  571453 
  571679 
  571751 
  571933 
  572041 
  572051 
  572137 
  572321 
  572357 
  572471 
  572573 
  572609 
  572749 
  572969 
  573101 
  573119 
  573299 
  573329 
  573479 
  573493 
  573523 
  573647 
  573941 
  573953 
  573967 
  574003 
  574061 
  574169 
  574181 
  574477 
  574507 
  574529 
  574667 
  574723 
  574813 
  574859 
  574933 
  574963 
  575009 
  575053 
  575129 
  575173 
  575249 
  575317 
  575503 
  575579 
  575591 
  575647 
  575669 
  575717 
  575893 
  576013 
  576293 
  576299 
  576313 
  576461 
  576523 
  576529 
  576727 
  577033 
  577123 
  577307 
  577327 
  577453 
  577483 
  577523 
  577559 
  577573 
  577721 
  577799 
  577817 
  577873 
  577919 
  578203 
  578309 
  578399 
  578467 
  578503 
  578563 
  578621 
  578647 
  578687 
  578729 
  578803 
  578881 
  578923 
  578999 
  579011 
  579107 
  579119 
  579239 
  579251 
  579311 
  579427 
  579433 
  579583 
  579809 
  579973 
  580093 
  580169 
  580183 
  580259 
  580379 
  580627 
  580687 
  580717 
  580747 
  580939 
  581137 
  581323 
  581333 
  581351 
  581473 
  581527 
  581639 
  581743 
  581753 
  581797 
  581809 
  581909 
  581947 
  582067 
  582157 
  582371 
  582587 
  582643 
  582761 
  582773 
  582851 
  583031 
  583069 
  583087 
  583127 
  583153 
  583291 
  583577 
  583631 
  583753 
  583789 
  584053 
  584081 
  584099 
  584141 
  584203 
  584249 
  584531 
  584587 
  584699 
  584999 
  585037 
  585071 
  585131 
  585149 
  585251 
  585313 
  585337 
  585367 
  585413 
  585547 
  585671 
  585677 
  585727 
  585733 
  586051 
  586057 
  586087 
  586567 
  586589 
  586679 
  586693 
  586723 
  586769 
  586793 
  586811 
  586909 
  587017 
  587137 
  587173 
  587219 
  587263 
  587287 
  587381 
  587497 
  587539 
  587711 
  588079 
  588191 
  588277 
  588359 
  588383 
  588433 
  588463 
  588503 
  588667 
  588779 
  588839 
  588877 
  588937 
  588947 
  588977 
  589049 
  589123 
  589181 
  589231 
  589241 
  589349 
  589601 
  589751 
  589859 
  589873 
  589903 
  589933 
  590027 
  590099 
  590383 
  590489 
  590627 
  590669 
  590753 
  590771 
  590809 
  590867 
  590983 
  591067 
  591127 
  591137 
  591271 
  591341 
  591403 
  591553 
  591581 
  591611 
  591791 
  591881 
  591893 
  591937 
  591973 
  592049 
  592099 
  592199 
  592289 
  592463 
  592489 
  592747 
  592793 
  592843 
  592897 
  593321 
  593429 
  593497 
  593573 
  593587 
  593597 
  593767 
  593951 
  594037 
  594241 
  594311 
  594379 
  594397 
  594421 
  594821 
  594899 
  594989 
  595037 
  595123 
  595253 
  595291 
  595801 
  595927 
  595949 
  596009 
  596047 
  596317 
  596737 
  596779 
  596851 
  596899 
  596983 
  597263 
  597551 
  597577 
  597599 
  597637 
  597767 
  597853 
  598049 
  598099 
  598123 
  598229 
  598303 
  598439 
  598571 
  598649 
  598783 
  598867 
  598903 
  599009 
  599069 
  599231 
  599309 
  599383 
  599413 
  599519 
  599603 
  599699 
  599741 
  599759 
  599857 
  599993 
  600071 
  600203 
  600269 
  600283 
  600307 
  600317 
  600359 
  600463 
  600517 
  600727 
  600973 
  601031 
  601147 
  601259 
  601297 
  601379 
  601631 
  601687 
  601813 
  601873 
  602039 
  602081 
  602197 
  602351 
  602501 
  602677 
  602773 
  602947 
  602971 
  602977 
  603023 
  603131 
  603191 
  603283 
  603311 
  603443 
  603457 
  603641 
  603689 
  603749 
  603989 
  604031 
  604171 
  604223 
  604237 
  604277 
  604349 
  604361 
  604397 
  604589 
  604711 
  604753 
  604811 
  604949 
  604997 
  605113 
  605147 
  605233 
  605309 
  605347 
  605531 
  605593 
  605921 
  605933 
  605987 
  606029 
  606059 
  606131 
  606173 
  606299 
  606341 
  606539 
  606581 
  606587 
  606673 
  606857 
  606943 
  607049 
  607091 
  607147 
  607301 
  607331 
  607493 
  607573 
  607741 
  607769 
  607931 
  608129 
  608213 
  608269 
  608369 
  608383 
  608429 
  608519 
  608581 
  608653 
  608819 
  608977 
  608987 
  609043 
  609101 
  609149 
  609163 
  609221 
  609283 
  609289 
  609359 
  609373 
  609403 
  609641 
  609779 
  609877 
  610123 
  610157 
  610193 
  610199 
  610229 
  610243 
  610271 
  610289 
  610457 
  610469 
  610523 
  610553 
  610619 
  610661 
  610721 
  610877 
  610919 
  611111 
  611137 
  611263 
  611333 
  611411 
  611693 
  611707 
  611729 
  611801 
  611879 
  611921 
  611999 
  612023 
  612217 
  612259 
  612407 
  612671 
  612719 
  612763 
  612929 
  613153 
  613219 
  613267 
  613363 
  613439 
  613559 
  613633 
  613813 
  613903 
  613993 
  614051 
  614167 
  614279 
  614333 
  614413 
  614561 
  614609 
  614741 
  614827 
  614863 
  614893 
  615101 
  615299 
  615313 
  615379 
  615449 
  615521 
  615539 
  615731 
  615761 
  615827 
  615869 
  615883 
  616027 
  616079 
  616117 
  616433 
  616459 
  616547 
  616589 
  616829 
  616841 
  616877 
  616933 
  617107 
  617129 
  617369 
  617429 
  617579 
  617677 
  617699 
  617759 
  617801 
  617857 
  617879 
  618041 
  618161 
  618253 
  618311 
  618347 
  618971 
  619019 
  619067 
  619159 
  619187 
  619391 
  619511 
  619669 
  619739 
  619897 
  620117 
  620159 
  620171 
  620351 
  620413 
  620519 
  620549 
  620743 
  620771 
  620827 
  620849 
  620909 
  620947 
  620981 
  621097 
  621133 
  621371 
  621419 
  621527 
  621583 
  621611 
  621697 
  621749 
  621869 
  621913 
  621923 
  622043 
  622301 
  622423 
  622571 
  622709 
  622729 
  622751 
  622777 
  622889 
  622901 
  622987 
  623209 
  623261 
  623291 
  623321 
  623617 
  623729 
  623893 
  623947 
  624037 
  624089 
  624191 
  624209 
  624311 
  624401 
  624443 
  624539 
  624599 
  624643 
  624809 
  624973 
  624997 
  625129 
  625199 
  625267 
  625307 
  625409 
  625477 
  625507 
  625529 
  625589 
  625609 
  625627 
  625837 
  626051 
  626063 
  626159 
  626201 
  626489 
  626741 
  626783 
  626797 
  626809 
  626833 
  626917 
  626959 
  626987 
  627041 
  627059 
  627071 
  627101 
  627131 
  627191 
  627257 
  627293 
  627491 
  627547 
  627593 
  627673 
  627733 
  628049 
  628063 
  628093 
  628139 
  628231 
  628301 
  628357 
  628391 
  628709 
  628721 
  628781 
  628993 
  629143 
  629263 
  629339 
  629411 
  629429 
  629591 
  629767 
  629773 
  629857 
  629897 
  629987 
  630043 
  630127 
  630163 
  630181 
  630193 
  630247 
  630281 
  630521 
  630577 
  630583 
  630659 
  630701 
  630823 
  630899 
  630941 
  630967 
  631003 
  631121 
  631181 
  631229 
  631507 
  631549 
  631619 
  631679 
  631717 
  631843 
  631889 
  631901 
  631913 
  631927 
  632053 
  632081 
  632227 
  632257 
  632497 
  632557 
  632669 
  632683 
  632857 
  632881 
  632977 
  633133 
  633161 
  633221 
  633263 
  633449 
  633583 
  633613 
  633791 
  633883 
  633943 
  633967 
  634097 
  634169 
  634261 
  634267 
  634307 
  634313 
  634373 
  634483 
  634567 
  634597 
  634643 
  634649 
  634793 
  634841 
  634927 
  634979 
  635039 
  635051 
  635057 
  635203 
  635339 
  635639 
  635653 
  635707 
  635729 
  635867 
  635879 
  635891 
  635969 
  636017 
  636043 
  636193 
  636283 
  636301 
  636343 
  636613 
  636749 
  636967 
  636997 
  637079 
  637199 
  637379 
  637421 
  638023 
  638159 
  638171 
  638201 
  638317 
  638347 
  638437 
  638459 
  638527 
  638819 
  638923 
  639137 
  639143 
  639157 
  639329 
  639433 
  639487 
  639517 
  639599 
  639637 
  639677 
  639731 
  639839 
  639851 
  639907 
  639937 
  639997 
  640007 
  640049 
  640121 
  640303 
  640411 
  640483 
  640529 
  640579 
  640631 
  640687 
  640847 
  640963 
  641167 
  641279 
  641411 
  641467 
  641579 
  641633 
  641681 
  641789 
  641803 
  641833 
  641863 
  641909 
  642049 
  642163 
  642217 
  642517 
  642673 
  642779 
  642791 
  642797 
  642809 
  642853 
  642973 
  643031 
  643183 
  643273 
  643369 
  643421 
  643619 
  643639 
  643661 
  643691 
  643859 
  643873 
  643919 
  644009 
  644107 
  644141 
  644353 
  644377 
  644489 
  644519 
  644549 
  644593 
  644729 
  644789 
  644843 
  644863 
  644999 
  645097 
  645367 
  645397 
  645409 
  645493 
  645611 
  645683 
  645703 
  645763 
  645787 
  645877 
  646003 
  646027 
  646147 
  646181 
  646543 
  646571 
  646619 
  646757 
  646781 
  646823 
  646873 
  646879 
  646927 
  647039 
  647081 
  647189 
  647321 
  647429 
  647441 
  647453 
  647579 
  647687 
  647753 
  647809 
  648029 
  648059 
  648097 
  648119 
  648341 
  648433 
  648563 
  648607 
  648629 
  648677 
  648719 
  648911 
  648971 
  649123 
  649261 
  649273 
  649469 
  649559 
  649613 
  649619 
  649709 
  649751 
  649769 
  649843 
  649849 
  649991 
  650189 
  650401 
  650413 
  650563 
  650759 
  650813 
  650833 
  650861 
  650917 
  651067 
  651109 
  651221 
  651281 
  651397 
  651509 
  651641 
  651727 
  651767 
  651821 
  651863 
  651971 
  652019 
  652033 
  652063 
  652117 
  652189 
  652331 
  652417 
  652651 
  652733 
  652943 
  652991 
  653083 
  653473 
  653501 
  653561 
  653789 
  653893 
  653941 
  653951 
  654089 
  654161 
  654307 
  654427 
  654539 
  654553 
  654623 
  654839 
  654889 
  654943 
  655087 
  655121 
  655181 
  655229 
  655267 
  655379 
  655489 
  655531 
  655559 
  655597 
  655649 
  655717 
  655847 
  656147 
  656153 
  656171 
  656377 
  656407 
  656429 
  656561 
  656609 
  656657 
  656707 
  656839 
  657127 
  657269 
  657311 
  657323 
  657491 
  657827 
  657973 
  658079 
  658117 
  658123 
  658253 
  658303 
  658349 
  658487 
  658573 
  658751 
  658807 
  658837 
  658883 
  658907 
  658991 
  659069 
  659159 
  659231 
  659251 
  659437 
  659467 
  659591 
  659621 
  659713 
  659759 
  659843 
  659917 
  660053 
  660067 
  660227 
  660241 
  660251 
  660277 
  660299 
  660347 
  660391 
  660403 
  660449 
  660547 
  660599 
  660757 
  660809 
  660893 
  661139 
  661259 
  661417 
  661663 
  661949 
  662021 
  662083 
  662227 
  662309 
  662323 
  662407 
  662617 
  662639 
  662771 
  662819 
  662833 
  663037 
  663239 
  663371 
  663407 
  663517 
  663881 
  663973 
  664067 
  664091 
  664211 
  664271 
  664331 
  664441 
  664777 
  664799 
  664973 
  665039 
  665293 
  665351 
  665429 
  665501 
  665527 
  665569 
  665857 
  665947 
  665981 
  666079 
  666119 
  666187 
  666461 
  666599 
  666697 
  666733 
  666821 
  667019 
  667229 
  667241 
  667321 
  667361 
  667649 
  667829 
  667903 
  668201 
  668347 
  668527 
  668579 
  668609 
  668747 
  668761 
  668803 
  668903 
  668999 
  669049 
  669173 
  669247 
  669359 
  669413 
  669419 
  669463 
  669763 
  669839 
  669853 
  669937 
  670217 
  670223 
  670261 
  670363 
  670409 
  670447 
  670541 
  670583 
  670777 
  670903 
  671017 
  671189 
  671501 
  671557 
  671591 
  671633 
  671681 
  671729 
  671743 
  671831 
  671893 
  671939 
  672181 
  672223 
  672251 
  672341 
  672473 
  672521 
  672577 
  672587 
  672653 
  672743 
  672779 
  672869 
  672913 
  672937 
  672943 
  673019 
  673241 
  673499 
  673619 
  673649 
  673793 
  673837 
  673979 
  674083 
  674159 
  674249 
  674269 
  674551 
  674563 
  674647 
  674669 
  674759 
  674857 
  674879 
  674953 
  674977 
  675029 
  675097 
  675109 
  675239 
  675299 
  675313 
  675463 
  675511 
  675551 
  675581 
  675607 
  675781 
  675877 
  675929 
  675959 
  676099 
  676259 
  676349 
  676409 
  676463 
  676523 
  676679 
  676727 
  676961 
  677021 
  677309 
  677441 
  677447 
  677459 
  677471 
  677531 
  677561 
  677639 
  677657 
  677681 
  677827 
  677857 
  678157 
  678329 
  678341 
  678463 
  678493 
  678553 
  678577 
  678731 
  678823 
  678829 
  678989 
  679033 
  679051 
  679207 
  679219 
  679249 
  679319 
  679403 
  679451 
  679597 
  679603 
  679633 
  679691 
  679709 
  680077 
  680107 
  680129 
  680489 
  680531 
  680587 
  680681 
  680917 
  681041 
  681067 
  681127 
  681179 
  681221 
  681251 
  681311 
  681449 
  681493 
  681521 
  681607 
  681673 
  681719 
  681787 
  681809 
  681943 
  681949 
  681997 
  682063 
  682289 
  682333 
  682373 
  682607 
  682657 
  682679 
  683143 
  683201 
  683489 
  683591 
  683651 
  683687 
  683819 
  683831 
  683899 
  683923 
  684017 
  684217 
  684269 
  684311 
  684329 
  684407 
  684493 
  684581 
  684617 
  684643 
  684713 
  684757 
  684869 
  684961 
  685019 
  685057 
  685169 
  685199 
  685417 
  685427 
  685453 
  685471 
  685609 
  685679 
  685717 
  685969 
  686099 
  686141 
  686197 
  686339 
  686437 
  686473 
  686639 
  686723 
  686863 
  686947 
  686969 
  687101 
  687107 
  687131 
  687223 
  687299 
  687389 
  687431 
  687551 
  687593 
  687637 
  687647 
  688027 
  688073 
  688297 
  688357 
  688379 
  688423 
  688447 
  688477 
  688573 
  688621 
  688657 
  688747 
  688783 
  688867 
  688957 
  688969 
  688979 
  689167 
  689257 
  689291 
  689309 
  689411 
  689441 
  689789 
  689879 
  689903 
  690103 
  690233 
  690367 
  690377 
  690629 
  690673 
  690719 
  690787 
  691037 
  691051 
  691181 
  691289 
  691333 
  691343 
  691363 
  691433 
  691583 
  691661 
  691721 
  691799 
  691813 
  691897 
  691931 
  691973 
  692009 
  692141 
  692287 
  692309 
  692347 
  692399 
  692459 
  692567 
  692591 
  692621 
  692647 
  692689 
  692707 
  692729 
  692789 
  692851 
  692863 
  692893 
  693037 
  693089 
  693523 
  693569 
  693689 
  693727 
  693799 
  693961 
  694019 
  694033 
  694079 
  694313 
  694409 
  694597 
  694619 
  694829 
  694979 
  694997 
  695069 
  695099 
  695117 
  695171 
  695257 
  695347 
  695369 
  695389 
  695447 
  695561 
  695641 
  695879 
  696019 
  696239 
  696253 
  696343 
  696373 
  696403 
  696517 
  696679 
  696719 
  696763 
  696851 
  696929 
  697033 
  697093 
  697201 
  697211 
  697409 
  697423 
  697553 
  697601 
  697687 
  697897 
  697979 
  698077 
  698261 
  698413 
  698527 
  698653 
  698713 
  698827 
  698849 
  699007 
  699059 
  699073 
  699133 
  699157 
  699211 
  699299 
  699379 
  699401 
  699449 
  699493 
  699521 
  699817 
  699943 
  699967 
  700057 
  700127 
  700229 
  700331 
  700361 
  700429 
  700471 
  700571 
  700751 
  700849 
  700871 
  700993 
  701023 
  701117 
  701147 
  701257 
  701413 
  701443 
  701473 
  701863 
  701951 
  701963 
  701969 
  702007 
  702067 
  702199 
  702239 
  702269 
  702311 
  702431 
  702517 
  702599 
  702731 
  702787 
  702893 
  703013 
  703033 
  703039 
  703211 
  703709 
  703733 
  703897 
  703903 
  703949 
  703991 
  704069 
  704111 
  704189 
  704219 
  704243 
  704309 
  704441 
  704549 
  704593 
  704603 
  704617 
  704771 
  704819 
  704983 
  705073 
  705209 
  705521 
  705559 
  705613 
  705643 
  705713 
  705763 
  705937 
  706109 
  706337 
  706403 
  706603 
  706847 
  706919 
  706987 
  707053 
  707099 
  707197 
  707279 
  707429 
  707561 
  707683 
  707887 
  707923 
  707981 
  708041 
  708091 
  708131 
  708137 
  708161 
  708251 
  708269 
  708311 
  708353 
  708517 
  708527 
  708569 
  708593 
  708641 
  708667 
  708703 
  708803 
  708899 
  708913 
  709097 
  709123 
  709151 
  709271 
  709321 
  709349 
  709603 
  709649 
  709769 
  709799 
  709823 
  709843 
  709957 
  710009 
  710257 
  710483 
  710557 
  710609 
  710837 
  710873 
  710909 
  710929 
  711089 
  711209 
  711223 
  711329 
  711583 
  711589 
  711629 
  711793 
  711889 
  711899 
  712093 
  712289 
  712357 
  712693 
  712717 
  712819 
  712837 
  712889 
  713021 
  713077 
  713107 
  713159 
  713189 
  713267 
  713309 
  713399 
  713467 
  713497 
  713563 
  713569 
  713681 
  713737 
  713743 
  713827 
  713917 
  714029 
  714073 
  714107 
  714163 
  714223 
  714341 
  714361 
  714443 
  714509 
  714563 
  714839 
  714881 
  714893 
  714907 
  715031 
  715049 
  715123 
  715243 
  715249 
  715289 
  715397 
  715577 
  715639 
  715657 
  715739 
  715777 
  715961 
  716137 
  716171 
  716249 
  716291 
  716459 
  716549 
  716713 
  716731 
  716741 
  717001 
  717089 
  717127 
  717229 
  717341 
  717397 
  717419 
  717511 
  717539 
  717631 
  717697 
  717817 
  718049 
  718241 
  718271 
  718321 
  718331 
  718433 
  718463 
  718541 
  718603 
  718657 
  718717 
  718747 
  718919 
  718931 
  719119 
  719167 
  719189 
  719227 
  719351 
  719503 
  719533 
  719639 
  719773 
  719801 
  720007 
  720101 
  720179 
  720311 
  720359 
  720373 
  720491 
  720791 
  720847 
  720869 
  720899 
  720913 
  720943 
  720961 
  721037 
  721079 
  721109 
  721139 
  721319 
  721333 
  721439 
  721529 
  721597 
  721697 
  721709 
  721733 
  721739 
  721783 
  722069 
  722159 
  722311 
  722317 
  722431 
  722489 
  722563 
  722639 
  722669 
  722737 
  722783 
  722983 
  723067 
  723269 
  723479 
  723727 
  723913 
  723959 
  723973 
  723997 
  724093 
  724259 
  724487 
  724621 
  724807 
  724837 
  724949 
  724961 
  725071 
  725111 
  725201 
  725437 
  725653 
  725749 
  725789 
  725827 
  725953 
  725981 
  726149 
  726163 
  726367 
  726377 
  726487 
  726497 
  726589 
  726599 
  726689 
  726779 
  726797 
  726839 
  726899 
  726923 
  726989 
  727003 
  727169 
  727183 
  727241 
  727267 
  727427 
  727451 
  727541 
  727729 
  727777 
  727799 
  727843 
  728017 
  728113 
  728191 
  728267 
  728317 
  728437 
  728471 
  728527 
  728557 
  728579 
  729059 
  729269 
  729569 
  729649 
  729689 
  729719 
  729821 
  730021 
  730033 
  730091 
  730283 
  730447 
  730837 
  730867 
  730993 
  731047 
  731053 
  731141 
  731183 
  731201 
  731287 
  731501 
  731531 
  731587 
  731593 
  731623 
  731681 
  731711 
  731803 
  731893 
  731981 
  731999 
  732181 
  732239 
  732283 
  732373 
  732449 
  732731 
  732911 
  733123 
  733147 
  733387 
  733559 
  733619 
  733741 
  733919 
  733949 
  734017 
  734057 
  734113 
  734143 
  734189 
  734233 
  734291 
  734381 
  734429 
  734549 
  734653 
  734693 
  734707 
  734743 
  735043 
  735067 
  735169 
  735187 
  735193 
  735239 
  735359 
  735419 
  735461 
  735491 
  735557 
  735617 
  735659 
  735673 
  735821 
  736027 
  736121 
  736159 
  736273 
  736357 
  736409 
  736607 
  736679 
  736817 
  736843 
  737053 
  737129 
  737263 
  737531 
  737683 
  737773 
  737797 
  737843 
  737969 
  737999 
  738151 
  738197 
  738247 
  738341 
  738401 
  738487 
  738509 
  738581 
  738889 
  738989 
  739027 
  739061 
  739183 
  739301 
  739601 
  739631 
  739751 
  739853 
  739931 
  740153 
  740171 
  740321 
  740429 
  740473 
  740527 
  740681 
  740711 
  741101 
  741119 
  741253 
  741283 
  741479 
  741491 
  741547 
  741569 
  741781 
  741809 
  741827 
  741857 
  741883 
  741967 
  742009 
  742199 
  742241 
  742289 
  742333 
  742393 
  742519 
  742559 
  742579 
  742657 
  742717 
  742757 
  742783 
  742891 
  742949 
  743027 
  743047 
  743129 
  743173 
  743203 
  743339 
  743549 
  743579 
  743803 
  743891 
  744221 
  744353 
  744389 
  744599 
  744637 
  744761 
  744811 
  744859 
  745001 
  745027 
  745187 
  745243 
  745301 
  745477 
  745567 
  745573 
  745649 
  745709 
  745747 
  745859 
  745873 
  746023 
  746047 
  746099 
  746177 
  746353 
  746411 
  746497 
  746531 
  746653 
  746737 
  746791 
  746891 
  746969 
  746981 
  747037 
  747107 
  747157 
  747199 
  747343 
  747401 
  747811 
  747853 
  747941 
  748003 
  748091 
  748169 
  748183 
  748217 
  748331 
  748361 
  748499 
  748567 
  748633 
  748763 
  748777 
  748807 
  748829 
  748933 
  748963 
  749069 
  749279 
  749429 
  749443 
  749677 
  749729 
  749803 
  749891 
  749993 
  750131 
  750157 
  750209 
  750311 
  750437 
  750613 
  750641 
  750653 
  750719 
  750787 
  750853 
  750943 
  750983 
  751001 
  751237 
  751357 
  751363 
  751453 
  751549 
  751567 
  751627 
  751661 
  751717 
  751739 
  751753 
  751787 
  751799 
  751901 
  751997 
  752023 
  752093 
  752183 
  752287 
  752489 
  752789 
  752929 
  753007 
  753329 
  753341 
  753461 
  753569 
  753659 
  753689 
  753799 
  753859 
  754003 
  754093 
  754279 
  754289 
  754373 
  754513 
  754573 
  754639 
  754751 
  754811 
  754903 
  754991 
  755077 
  755213 
  755233 
  755309 
  755351 
  755371 
  755413 
  755561 
  755759 
  755789 
  755861 
  755959 
  756011 
  756433 
  756667 
  756839 
  756853 
  756961 
  757019 
  757157 
  757241 
  757297 
  757409 
  757507 
  757633 
  757651 
  757661 
  757829 
  758053 
  758137 
  758237 
  758383 
  758561 
  758599 
  758617 
  758699 
  758741 
  758789 
  758837 
  758893 
  759103 
  759113 
  759131 
  759179 
  759313 
  759371 
  759491 
  759553 
  759581 
  759599 
  759739 
  759763 
  759973 
  760117 
  760141 
  760183 
  760433 
  760447 
  760477 
  760537 
  760579 
  760607 
  760619 
  760649 
  760693 
  760729 
  760841 
  760927 
  760951 
  761113 
  761203 
  761357 
  761399 
  761429 
  761489 
  761531 
  761669 
  761711 
  761833 
  762187 
  762539 
  762577 
  762583 
  762659 
  762721 
  762743 
  762761 
  762779 
  762791 
  762847 
  762877 
  762899 
  763013 
  763093 
  763267 
  763597 
  763739 
  763751 
  763897 
  764171 
  764339 
  764501 
  764969 
  765109 
  765131 
  765137 
  765199 
  765251 
  765307 
  765389 
  765409 
  765487 
  765577 
  765659 
  765749 
  765823 
  765857 
  766039 
  766049 
  766211 
  766229 
  766273 
  766313 
  766399 
  766439 
  766477 
  766553 
  766721 
  766739 
  766769 
  766861 
  767167 
  767203 
  767243 
  767293 
  767443 
  767489 
  767597 
  767909 
  767957 
  768161 
  768167 
  768221 
  768401 
  768419 
  768431 
  768479 
  768503 
  768793 
  768923 
  769057 
  769117 
  769169 
  769207 
  769309 
  769319 
  769339 
  769411 
  769541 
  769577 
  769589 
  769619 
  769687 
  769781 
  769837 
  769961 
  769987 
  770039 
  770227 
  770233 
  770261 
  770281 
  770353 
  770459 
  770503 
  770533 
  770557 
  770669 
  770741 
  770863 
  771073 
  771163 
  771209 
  771359 
  771401 
  771553 
  771629 
  771643 
  771769 
  771853 
  771877 
  771961 
  771971 
  771997 
  772127 
  772181 
  772367 
  772379 
  772517 
  772537 
  772619 
  772691 
  772843 
  773081 
  773117 
  773249 
  773299 
  773473 
  773497 
  773579 
  773609 
  773657 
  773767 
  773803 
  773849 
  773909 
  773951 
  774071 
  774161 
  774173 
  774223 
  774313 
  774551 
  774929 
  775007 
  775037 
  775147 
  775349 
  775417 
  775553 
  775639 
  775661 
  775777 
  775933 
  776137 
  776467 
  776729 
  776749 
  776879 
  776969 
  777031 
  777109 
  777137 
  777209 
  777221 
  777247 
  777419 
  777431 
  777541 
  777551 
  777571 
  777589 
  777617 
  777641 
  777671 
  777737 
  777817 
  777877 
  777977 
  777989 
  778027 
  778079 
  778201 
  778213 
  778357 
  778403 
  778507 
  778663 
  778693 
  779039 
  779063 
  779081 
  779111 
  779137 
  779347 
  779767 
  779797 
  779879 
  779939 
  779993 
  780119 
  780343 
  780523 
  780667 
  780697 
  780719 
  780991 
  781021 
  781139 
  781163 
  781301 
  781397 
  781453 
  781511 
  781589 
  781619 
  781661 
  781733 
  781799 
  781853 
  781867 
  782009 
  782053 
  782083 
  782183 
  782189 
  782443 
  782539 
  782849 
  783007 
  783119 
  783143 
  783149 
  783329 
  783359 
  783379 
  783527 
  783599 
  783619 
  783763 
  784109 
  784327 
  784379 
  784423 
  784447 
  784541 
  784561 
  784603 
  784981 
  785017 
  785107 
  785129 
  785143 
  785269 
  785527 
  785857 
  785947 
  786053 
  786127 
  786223 
  786349 
  786419 
  786469 
  786659 
  787153 
  787181 
  787357 
  787439 
  787513 
  787837 
  787903 
  787993 
  788129 
  788413 
  788549 
  788621 
  788651 
  788761 
  788789 
  788891 
  788971 
  788999 
  789097 
  789221 
  789419 
  789611 
  789709 
  789731 
  789847 
  789941 
  789959 
  790093 
  790169 
  790199 
  790219 
  790379 
  790451 
  790501 
  790567 
  790739 
  790781 
  791159 
  791257 
  791377 
  791387 
  791561 
  791783 
  791849 
  791887 
  791909 
  791969 
  792067 
  792223 
  792241 
  792277 
  792283 
  792359 
  792397 
  792581 
  792667 
  792689 
  792703 
  792907 
  792929 
  793123 
  793181 
  793297 
  793547 
  793627 
  793739 
  793787 
  793901 
  793927 
  794009 
  794077 
  794111 
  794383 
  794531 
  794579 
  794593 
  794711 
  794879 
  795217 
  795239 
  795299 
  795503 
  795517 
  795551 
  795703 
  795877 
  795913 
  795997 
  796409 
  796487 
  796553 
  796567 
  796867 
  796951 
  797009 
  797077 
  797143 
  797171 
  797353 
  797473 
  797507 
  797579 
  797773 
  797833 
  797869 
  797887 
  797947 
  797987 
  798179 
  798191 
  798197 
  798221 
  798331 
  798373 
  798397 
  798403 
  798443 
  798599 
  798641 
  798823 
  799003 
  799031 
  799147 
  799171 
  799361 
  799529 
  799633 
  799723 
  799801 
  799949 
  800053 
  800113 
  800231 
  800519 
  800533 
  800587 
  800593 
  800669 
  800707 
  800801 
  801197 
  801277 
  801337 
  801371 
  801461 
  801487 
  801517 
  801539 
  801607 
  801641 
  801791 
  801959 
  802019 
  802297 
  802603 
  802649 
  802751 
  802811 
  802873 
  802969 
  802979 
  803027 
  803093 
  803141 
  803237 
  803251 
  803497 
  803519 
  803609 
  803893 
  803963 
  804043 
  804073 
  804203 
  804281 
  804449 
  804493 
  804607 
  804823 
  804913 
  804919 
  804989 
  805109 
  805121 
  805177 
  805187 
  805309 
  805327 
  805421 
  805463 
  805723 
  805729 
  805799 
  805991 
  806159 
  806317 
  806369 
  806467 
  806609 
  806857 
  806947 
  806999 
  807089 
  807119 
  807181 
  807187 
  807193 
  807299 
  807371 
  807613 
  807787 
  807809 
  808019 
  808343 
  808349 
  808391 
  808439 
  808553 
  808559 
  808693 
  808721 
  808733 
  808957 
  808991 
  809041 
  809141 
  809323 
  809377 
  809383 
  809491 
  809759 
  809909 
  810023 
  810049 
  810071 
  810149 
  810191 
  810281 
  810343 
  810389 
  810419 
  810437 
  810457 
  810539 
  810553 
  810643 
  810671 
  810697 
  810881 
  811123 
  811253 
  811259 
  811441 
  811649 
  811799 
  811871 
  811897 
  811919 
  812057 
  812129 
  812167 
  812173 
  812233 
  812387 
  812501 
  812627 
  812639 
  812681 
  812711 
  812849 
  812869 
  812939 
  812969 
  813023 
  813167 
  813227 
  813311 
  813367 
  813401 
  813707 
  813817 
  814043 
  814211 
  814237 
  814379 
  814393 
  814447 
  814577 
  814631 
  814699 
  814783 
  814789 
  814823 
  814829 
  815047 
  815053 
  815231 
  815291 
  815411 
  815519 
  815569 
  815621 
  815681 
  815819 
  815869 
  815953 
  816043 
  816113 
  816131 
  816251 
  816401 
  816581 
  816689 
  816839 
  816869 
  816883 
  816929 
  817049 
  817087 
  817237 
  817303 
  817331 
  817357 
  817433 
  817603 
  817651 
  817757 
  817769 
  817783 
  817877 
  817889 
  818143 
  818231 
  818249 
  818393 
  818453 
  818579 
  818659 
  818819 
  819029 
  819239 
  819307 
  819373 
  819419 
  819449 
  819673 
  819701 
  819761 
  819853 
  819899 
  819989 
  820177 
  820223 
  820271 
  820409 
  820559 
  820597 
  820619 
  820637 
  820649 
  820733 
  820837 
  820969 
  821027 
  821039 
  821063 
  821099 
  821143 
  821173 
  821263 
  821291 
  821377 
  821383 
  821459 
  821489 
  821507 
  821573 
  821759 
  821801 
  821857 
  822049 
  822221 
  822299 
  822343 
  822431 
  822539 
  822551 
  822821 
  822907 
  823001 
  823153 
  823237 
  823261 
  823271 
  823309 
  823447 
  823519 
  823591 
  823709 
  823903 
  823961 
  823981 
  824017 
  824063 
  824069 
  824123 
  824137 
  824399 
  824413 
  824591 
  824609 
  824821 
  824861 
  824921 
  824977 
  825073 
  825277 
  825389 
  825491 
  825577 
  825763 
  825883 
  826289 
  826391 
  826453 
  826499 
  826583 
  826957 
  826963 
  827023 
  827143 
  827227 
  827269 
  827303 
  827429 
  827473 
  827803 
  827833 
  827857 
  827969 
  828101 
  828209 
  828239 
  828277 
  828517 
  828649 
  828691 
  828697 
  828757 
  828787 
  828809 
  828823 
  828941 
  828967 
  829063 
  829229 
  829561 
  829613 
  829693 
  829841 
  829867 
  830111 
  830153 
  830173 
  830279 
  830339 
  830411 
  830441 
  830503 
  830729 
  830789 
  830887 
  830957 
  830981 
  831043 
  831161 
  831217 
  831461 
  831503 
  831553 
  831653 
  831731 
  831847 
  831881 
  831967 
  832003 
  832063 
  832121 
  832151 
  832211 
  832217 
  832309 
  832367 
  832451 
  832477 
  832679 
  832957 
  833009 
  833099 
  833171 
  833177 
  833197 
  833281 
  833429 
  833449 
  833467 
  833563 
  833593 
  833617 
  833737 
  833759 
  833857 
  833977 
  833999 
  834059 
  834131 
  834257 
  834311 
  834367 
  834433 
  834487 
  834523 
  834629 
  834709 
  834913 
  834941 
  835207 
  835319 
  835427 
  835451 
  835559 
  835603 
  835633 
  835661 
  835927 
  835979 
  835993 
  836131 
  836137 
  836189 
  836291 
  836369 
  836471 
  836683 
  836713 
  836807 
  836833 
  836861 
  837043 
  837149 
  837191 
  837271 
  837283 
  837307 
  837359 
  837611 
  837673 
  837779 
  837797 
  837817 
  837847 
  837853 
  837943 
  838063 
  838091 
  838139 
  838153 
  838363 
  838483 
  838517 
  838589 
  838631 
  838693 
  838769 
  838807 
  838919 
  839071 
  839227 
  839261 
  839351 
  839381 
  839519 
  839651 
  839723 
  839897 
  839981 
  840149 
  840253 
  840491 
  840557 
  840703 
  840733 
  840907 
  840941 
  841213 
  841237 
  841307 
  841541 
  841559 
  841597 
  841691 
  841859 
  841873 
  841979 
  842279 
  842291 
  842473 
  842507 
  842531 
  842759 
  842801 
  842819 
  842923 
  843091 
  843103 
  843209 
  843253 
  843487 
  843539 
  843553 
  843763 
  843793 
  843823 
  843833 
  843901 
  844087 
  844183 
  844289 
  845069 
  845083 
  845167 
  845203 
  845237 
  845279 
  845489 
  845567 
  845683 
  845771 
  845777 
  845833 
  845863 
  846179 
  846217 
  846259 
  846341 
  846383 
  846577 
  846589 
  846733 
  846841 
  846869 
  847031 
  847043 
  847109 
  847151 
  847157 
  847213 
  847219 
  847247 
  847339 
  847477 
  847499 
  847687 
  847741 
  847883 
  848051 
  848087 
  848143 
  848321 
  848359 
  848443 
  848473 
  848591 
  848647 
  848789 
  848879 
  848893 
  848933 
  848983 
  849203 
  849419 
  849461 
  849523 
  849533 
  849593 
  849599 
  849701 
  849839 
  849869 
  850021 
  850027 
  850033 
  850207 
  850301 
  850393 
  850417 
  850427 
  850453 
  850613 
  850691 
  850781 
  850879 
  850933 
  850979 
  851113 
  851321 
  851381 
  851623 
  851659 
  851891 
  851953 
  852011 
  852037 
  852121 
  852179 
  852191 
  852457 
  852463 
  852641 
  852749 
  852763 
  852847 
  852959 
  853031 
  853241 
  853357 
  853477 
  853571 
  853663 
  853693 
  853717 
  853739 
  853813 
  853819 
  853843 
  853873 
  854053 
  854141 
  854263 
  854323 
  854333 
  854351 
  854407 
  854443 
  854713 
  854771 
  854801 
  854921 
  854951 
  854999 
  855059 
  855089 
  855119 
  855269 
  855373 
  855521 
  855581 
  855667 
  855697 
  856099 
  856139 
  856237 
  856391 
  856417 
  856441 
  856483 
  856529 
  856627 
  856717 
  856799 
  856993 
  857039 
  857287 
  857321 
  857347 
  857369 
  857431 
  857513 
  857579 
  857809 
  857897 
  857977 
  858043 
  858073 
  858127 
  858251 
  858269 
  858293 
  858307 
  858427 
  858433 
  858701 
  858749 
  858817 
  859003 
  859031 
  859037 
  859049 
  859091 
  859181 
  859223 
  859273 
  859433 
  859447 
  859477 
  859657 
  859751 
  859891 
  859933 
  859987 
  860107 
  860143 
  860239 
  860257 
  860351 
  860393 
  860441 
  860593 
  860647 
  860689 
  860701 
  860759 
  860819 
  860861 
  860939 
  860969 
  861031 
  861109 
  861191 
  861221 
  861353 
  861391 
  861491 
  861547 
  861613 
  861659 
  861701 
  861761 
  861823 
  861877 
  861929 
  861977 
  862031 
  862123 
  862177 
  862259 
  862307 
  862331 
  862343 
  862409 
  862423 
  862541 
  862633 
  862789 
  862997 
  863299 
  863377 
  863479 
  863671 
  863711 
  864103 
  864131 
  864251 
  864299 
  864449 
  864551 
  864581 
  864641 
  864781 
  864793 
  864803 
  864883 
  864959 
  865001 
  865211 
  865253 
  865349 
  865597 
  865717 
  865769 
  865807 
  865859 
  865877 
  865889 
  865979 
  866161 
  866231 
  866399 
  866471 
  866623 
  866653 
  866683 
  866707 
  866713 
  866819 
  866849 
  866869 
  866927 
  866953 
  867059 
  867161 
  867203 
  867343 
  867371 
  867389 
  867431 
  867443 
  867589 
  867701 
  868019 
  868069 
  868151 
  868157 
  868177 
  868211 
  868229 
  868267 
  868291 
  868349 
  868451 
  868529 
  868559 
  868691 
  868697 
  868739 
  869173 
  869233 
  869317 
  869339 
  869369 
  869399 
  869443 
  869563 
  869597 
  869657 
  869773 
  870031 
  870097 
  870283 
  870329 
  870517 
  870613 
  870929 
  870967 
  870997 
  871021 
  871177 
  871229 
  871271 
  871289 
  871337 
  871531 
  871589 
  871639 
  871679 
  871823 
  871837 
  871987 
  872077 
  872099 
  872351 
  872411 
  872587 
  872761 
  873043 
  873157 
  873317 
  873343 
  873497 
  873553 
  873767 
  873863 
  874001 
  874213 
  874267 
  874301 
  874387 
  874409 
  874543 
  874567 
  874619 
  874721 
  874777 
  874873 
  874957 
  875113 
  875183 
  875239 
  875317 
  875377 
  875417 
  875429 
  875543 
  875803 
  875923 
  875969 
  876121 
  876191 
  876301 
  876329 
  876431 
  876569 
  876731 
  876749 
  876817 
  876913 
  877199 
  877379 
  877423 
  877543 
  877601 
  877619 
  877661 
  877783 
  877843 
  877949 
  878021 
  878083 
  878221 
  878411 
  878467 
  878489 
  878621 
  878743 
  878851 
  878893 
  878939 
  878953 
  879007 
  879061 
  879227 
  879239 
  879269 
  879449 
  879493 
  879523 
  879607 
  879629 
  879673 
  879941 
  879979 
  880007 
  880021 
  880027 
  880057 
  880097 
  880211 
  880247 
  880259 
  880331 
  880337 
  880349 
  880361 
  880483 
  880541 
  880571 
  880871 
  880961 
  881029 
  881219 
  881369 
  881407 
  881437 
  881533 
  881707 
  881917 
  881953 
  882029 
  882169 
  882389 
  882433 
  882491 
  882571 
  882599 
  882653 
  882697 
  882779 
  882823 
  882851 
  882863 
  882877 
  882967 
  883061 
  883087 
  883307 
  883327 
  883397 
  883409 
  883517 
  883577 
  883627 
  883661 
  883697 
  883733 
  883807 
  883969 
  884087 
  884129 
  884159 
  884489 
  884591 
  884717 
  884857 
  884951 
  884977 
  885133 
  885187 
  885217 
  885223 
  885263 
  885307 
  885427 
  885509 
  885607 
  885733 
  885943 
  886019 
  886043 
  886069 
  886097 
  886619 
  886663 
  886777 
  886859 
  886993 
  887017 
  887069 
  887113 
  887233 
  887261 
  887377 
  887503 
  887629 
  887669 
  887707 
  887743 
  887819 
  887867 
  888001 
  888047 
  888103 
  888157 
  888373 
  888427 
  888457 
  888479 
  888659 
  888869 
  888959 
  888989 
  889081 
  889123 
  889177 
  889211 
  889289 
  889349 
  889453 
  889589 
  889687 
  889697 
  889747 
  889871 
  889901 
  889963 
  889997 
  890053 
  890083 
  890159 
  890231 
  890377 
  890459 
  890761 
  890789 
  890833 
  890969 
  890999 
  891047 
  891067 
  891101 
  891179 
  891251 
  891277 
  891349 
  891377 
  891521 
  891577 
  891809 
  891851 
  891967 
  891997 
  892049 
  892103 
  892153 
  892267 
  892291 
  892357 
  892439 
  892597 
  892627 
  892709 
  892747 
  892901 
  892973 
  892987 
  893099 
  893257 
  893351 
  893419 
  893489 
  893567 
  893591 
  893609 
  893653 
  893839 
  893917 
  893939 
  894037 
  894191 
  894277 
  894287 
  894521 
  894637 
  894689 
  894947 
  895003 
  895079 
  895241 
  895463 
  895469 
  895721 
  895799 
  895813 
  895823 
  895879 
  896009 
  896191 
  896263 
  896293 
  896341 
  896443 
  896491 
  896617 
  896669 
  896771 
  896921 
  896947 
  896983 
  897101 
  897157 
  897251 
  897269 
  897329 
  897443 
  897553 
  897607 
  897647 
  897779 
  897877 
  897887 
  897899 
  898033 
  898109 
  898153 
  898199 
  898241 
  898661 
  898813 
  898867 
  898987 
  899159 
  899189 
  899309 
  899321 
  899413 
  899467 
  899831 
  899849 
  899917 
  899939 
  900007 
  900037 
  900089 
  900103 
  900253 
  900329 
  900349 
  900397 
  900481 
  900607 
  900701 
  900719 
  900761 
  900797 
  900869 
  900959 
  900971 
  901133 
  901423 
  901447 
  901499 
  901513 
  901709 
  901891 
  901919 
  901931 
  901993 
  902039 
  902179 
  902227 
  902261 
  902569 
  902597 
  902687 
  902753 
  902789 
  902873 
  902953 
  903029 
  903079 
  903197 
  903223 
  903269 
  903337 
  903449 
  903641 
  903827 
  904049 
  904289 
  904441 
  904483 
  904511 
  904619 
  904721 
  904901 
  904987 
  905053 
  905083 
  905249 
  905297 
  905587 
  905647 
  905713 
  905833 
  905909 
  905923 
  905951 
  905999 
  906119 
  906343 
  906461 
  906487 
  906793 
  906823 
  907019 
  907139 
  907183 
  907223 
  907391 
  907447 
  907481 
  907663 
  907691 
  907849 
  907927 
  908053 
  908233 
  908533 
  908539 
  908711 
  908807 
  908819 
  908849 
  909019 
  909043 
  909173 
  909451 
  909539 
  909787 
  910031 
  910121 
  910199 
  910213 
  910219 
  910471 
  910781 
  910799 
  911023 
  911111 
  911129 
  911269 
  911321 
  911413 
  911437 
  911527 
  911593 
  911621 
  911633 
  911681 
  911773 
  911899 
  911917 
  911969 
  912083 
  912089 
  912103 
  912239 
  912337 
  912403 
  912487 
  912521 
  912581 
  912727 
  912809 
  912823 
  912851 
  912911 
  913063 
  913151 
  913259 
  913417 
  913447 
  913513 
  913571 
  913723 
  913753 
  913799 
  913873 
  913907 
  914047 
  914117 
  914219 
  914257 
  914279 
  914293 
  914369 
  914443 
  914579 
  914609 
  914783 
  914813 
  914819 
  915029 
  915041 
  915067 
  915191 
  915587 
  915601 
  915641 
  915659 
  915697 
  915727 
  915917 
  915973 
  916109 
  916169 
  916183 
  916213 
  916259 
  916319 
  916361 
  916537 
  916679 
  916703 
  916913 
  916931 
  917039 
  917051 
  917113 
  917141 
  917219 
  917317 
  917327 
  917407 
  917611 
  917617 
  918011 
  918089 
  918371 
  918733 
  918763 
  918793 
  918877 
  918899 
  918913 
  918971 
  919031 
  919109 
  919129 
  919183 
  919301 
  919559 
  919571 
  919631 
  919691 
  919729 
  919769 
  919781 
  919871 
  919883 
  920021 
  920039 
  920147 
  920263 
  920399 
  920467 
  920497 
  920609 
  920677 
  920707 
  920789 
  920833 
  920863 
  920921 
  921293 
  921353 
  921373 
  921379 
  921407 
  921517 
  921733 
  921743 
  921761 
  921821 
  921839 
  921911 
  922079 
  922237 
  922303 
  922331 
  922451 
  922499 
  922601 
  922717 
  922853 
  923369 
  923399 
  923467 
  923591 
  923617 
  923711 
  923773 
  923861 
  923903 
  923939 
  924269 
  924281 
  924493 
  924523 
  924757 
  924877 
  924997 
  925019 
  925073 
  925349 
  925387 
  925499 
  925513 
  925789 
  925823 
  925843 
  925891 
  925943 
  925979 
  926017 
  926251 
  926293 
  926351 
  926489 
  926503 
  926557 
  926669 
  926803 
  926983 
  927167 
  927287 
  927313 
  927373 
  927403 
  927431 
  927497 
  927587 
  928153 
  928423 
  928453 
  928643 
  928649 
  928799 
  928813 
  928979 
  929009 
  929023 
  929051 
  929153 
  929171 
  929381 
  929399 
  929459 
  929497 
  929623 
  929777 
  929861 
  929891 
  930179 
  930283 
  930509 
  930569 
  930617 
  930707 
  930763 
  931153 
  931163 
  931199 
  931237 
  931267 
  931289 
  931387 
  931487 
  931517 
  931543 
  931709 
  931849 
  932021 
  932051 
  932101 
  932353 
  932471 
  932647 
  932761 
  932839 
  932941 
  932969 
  933151 
  933523 
  933551 
  933613 
  933643 
  933649 
  933761 
  933893 
  933943 
  933973 
  934039 
  934117 
  934301 
  934393 
  934399 
  934441 
  934469 
  934481 
  934517 
  934537 
  934669 
  934693 
  934837 
  934883 
  934889 
  934919 
  935021 
  935167 
  935189 
  935303 
  935339 
  935461 
  935489 
  935581 
  935587 
  935677 
  935999 
  936119 
  936223 
  936233 
  936253 
  936329 
  936379 
  936487 
  936599 
  936697 
  936797 
  936869 
  936917 
  937003 
  937207 
  937229 
  937379 
  937421 
  937477 
  937571 
  937589 
  937627 
  937661 
  937777 
  937813 
  938219 
  938369 
  938393 
  938447 
  938533 
  938591 
  938981 
  939157 
  939299 
  939359 
  939581 
  939853 
  940169 
  940183 
  940241 
  940469 
  940529 
  940573 
  940619 
  940691 
  940703 
  940727 
  940889 
  940931 
  940949 
  941023 
  941117 
  941179 
  941201 
  941323 
  941467 
  941489 
  941683 
  941861 
  941879 
  941947 
  942091 
  942163 
  942223 
  942341 
  942509 
  942719 
  943031 
  943127 
  943183 
  943273 
  943301 
  943363 
  943499 
  943589 
  943693 
  943741 
  943769 
  943837 
  944137 
  944143 
  944233 
  944257 
  944309 
  944467 
  944533 
  944609 
  944621 
  944677 
  944711 
  944803 
  944833 
  944893 
  944953 
  945179 
  945331 
  945341 
  945377 
  945389 
  945629 
  945671 
  945731 
  945787 
  945809 
  945823 
  945983 
  946003 
  946091 
  946177 
  946273 
  946327 
  946717 
  947083 
  947171 
  947501 
  947579 
  947627 
  947647 
  947729 
  947833 
  947917 
  948007 
  948187 
  948281 
  948377 
  948469 
  948547 
  948557 
  948839 
  948853 
  948887 
  949001 
  949111 
  949159 
  949241 
  949387 
  949523 
  949589 
  949607 
  949687 
  949811 
  949849 
  949957 
  950009 
  950023 
  950083 
  950111 
  950251 
  950269 
  950347 
  950459 
  950519 
  950569 
  950737 
  950819 
  951029 
  951059 
  951131 
  951161 
  951277 
  951413 
  951659 
  951689 
  951749 
  951887 
  951911 
  952097 
  952169 
  952559 
  952597 
  952709 
  952823 
  952979 
  953023 
  953171 
  953191 
  953261 
  953443 
  953473 
  953929 
  953969 
  953983 
  954067 
  954103 
  954157 
  954181 
  954209 
  954367 
  954433 
  954539 
  954599 
  954719 
  954763 
  954929 
  954971 
  955139 
  955333 
  955511 
  955601 
  955607 
  955769 
  955807 
  955919 
  955957 
  955963 
  955987 
  956107 
  956143 
  956261 
  956377 
  956383 
  956513 
  956699 
  956713 
  956723 
  956789 
  956951 
  956999 
  957071 
  957097 
  957221 
  957331 
  957431 
  957701 
  957721 
  957731 
  957751 
  957811 
  957917 
  957937 
  958021 
  958063 
  958183 
  958259 
  958289 
  958339 
  958357 
  958381 
  958459 
  958481 
  958499 
  958541 
  958739 
  958777 
  958787 
  958829 
  958843 
  958931 
  959009 
  959263 
  959369 
  959561 
  959627 
  959677 
  959737 
  959759 
  959947 
  960031 
  960131 
  960191 
  960217 
  960341 
  960353 
  960419 
  960467 
  960493 
  960569 
  960593 
  960667 
  960677 
  960691 
  960737 
  960863 
  960889 
  960983 
  960989 
  961063 
  961087 
  961109 
  961393 
  961601 
  961619 
  961757 
  961769 
  961783 
  961871 
  961957 
  962051 
  962063 
  962077 
  962099 
  962257 
  962303 
  962441 
  962459 
  962497 
  962609 
  962623 
  962743 
  962867 
  962921 
  963097 
  963173 
  963211 
  963311 
  963341 
  963397 
  963481 
  963601 
  963607 
  963643 
  963719 
  963839 
  963877 
  963943 
  963979 
  964259 
  964303 
  964309 
  964333 
  964363 
  964499 
  964703 
  964721 
  964793 
  964829 
  964927 
  964933 
  965047 
  965059 
  965113 
  965161 
  965171 
  965519 
  965533 
  965621 
  965773 
  965927 
  965953 
  965983 
  966011 
  966191 
  966197 
  966347 
  966373 
  966419 
  966521 
  966613 
  966659 
  966893 
  967229 
  967289 
  967333 
  967481 
  967507 
  967627 
  967693 
  967721 
  967781 
  967843 
  967979 
  968101 
  968137 
  968291 
  968641 
  968801 
  968819 
  968909 
  969011 
  969179 
  969233 
  969239 
  969253 
  969403 
  969431 
  969569 
  969593 
  969667 
  969763 
  969809 
  969863 
  969929 
  970213 
  970237 
  970259 
  970351 
  970421 
  970537 
  970657 
  970799 
  970813 
  970961 
  971021 
  971039 
  971177 
  971263 
  971273 
  971353 
  971441 
  971501 
  971513 
  971639 
  971713 
  971863 
  972029 
  972131 
  972277 
  972373 
  972403 
  972577 
  972611 
  972623 
  972637 
  972679 
  972721 
  972793 
  972967 
  973151 
  973169 
  973373 
  973409 
  973487 
  973547 
  973691 
  973781 
  973919 
  973957 
  974009 
  974089 
  974107 
  974249 
  974279 
  974473 
  974531 
  974551 
  974557 
  974707 
  974737 
  974803 
  974849 
  975089 
  975151 
  975157 
  975287 
  975343 
  975367 
  975433 
  975463 
  975671 
  975701 
  975823 
  975869 
  975883 
  975941 
  975991 
  976091 
  976477 
  976571 
  976777 
  976799 
  976823 
  976933 
  976957 
  977069 
  977107 
  977257 
  977269 
  977299 
  977351 
  977357 
  977369 
  977591 
  977671 
  977803 
  977813 
  977861 
  978007 
  978031 
  978037 
  978067 
  978091 
  978269 
  978403 
  978427 
  978449 
  978463 
  978611 
  978689 
  978821 
  978839 
  978907 
  979327 
  979379 
  979423 
  979519 
  979691 
  979709 
  979747 
  979807 
  979949 
  979987 
  980081 
  980107 
  980159 
  980219 
  980321 
  980459 
  980471 
  980489 
  980711 
  980729 
  980851 
  980921 
  980999 
  981017 
  981067 
  981073 
  981209 
  981397 
  981493 
  981599 
  981637 
  981683 
  981731 
  981913 
  981941 
  982057 
  982147 
  982171 
  982301 
  982363 
  982489 
  982571 
  982613 
  982633 
  982643 
  982693 
  982769 
  983063 
  983113 
  983233 
  983327 
  983347 
  983579 
  983737 
  983771 
  983777 
  983849 
  983861 
  984007 
  984241 
  984253 
  984397 
  984539 
  984583 
  984701 
  984847 
  985027 
  985057 
  985063 
  985177 
  985447 
  985529 
  985571 
  985631 
  985667 
  985679 
  985709 
  985723 
  985951 
  985991 
  986047 
  986137 
  986257 
  986281 
  986287 
  986333 
  986339 
  986429 
  986519 
  986563 
  986617 
  986903 
  987067 
  987089 
  987433 
  987457 
  987491 
  987509 
  987599 
  987821 
  987851 
  987911 
  987941 
  988033 
  988129 
  988199 
  988213 
  988243 
  988271 
  988297 
  988319 
  988409 
  988439 
  988541 
  988571 
  988649 
  988859 
  988963 
  989081 
  989249 
  989293 
  989533 
  989623 
  989749 
  989797 
  989803 
  989909 
  990043 
  990359 
  990389 
  990523 
  990547 
  990637 
  990643 
  990733 
  990761 
  990917 
  990967 
  990973 
  991387 
  991483 
  991567 
  991663 
  991717 
  991901 
  992111 
  992141 
  992219 
  992249 
  992357 
  992429 
  992539 
  992609 
  992701 
  992707 
  992819 
  992843 
  992903 
  992917 
  992983 
  993217 
  993247 
  993283 
  993367 
  993479 
  993527 
  993611 
  993703 
  993851 
  993869 
  994093 
  994181 
  994229 
  994417 
  994453 
  994549 
  994571 
  994691 
  994751 
  994793 
  994907 
  994927 
  994963 
  995009 
  995167 
  995303 
  995339 
  995399 
  995611 
  995669 
  995887 
  995909 
  996049 
  996157 
  996263 
  996293 
  996311 
  996329 
  996403 
  996461 
  996599 
  996629 
  996781 
  996871 
  997001 
  997207 
  997247 
  997259 
  997333 
  997439 
  997453 
  997541 
  997627 
  997649 
  997693 
  997751 
  997769 
  997933 
  998111 
  998117 
  998411 
  998429 
  998497 
  998617 
  998743 
  998897 
  999007 
  999217 
  999329 
  999359 
  999491 
  999599 
  999611 
  999721 
  999749 
  999853 
  999931 
  999959 
